w1	w2	grid#	st/gl#	heur	m_f(B)	exp	time(s)	dist
0	0	0	0	4	143104	2607104	0.540	128.758
0	0	0	1	4	83712	2159104	0.366	122.466
0	0	0	2	4	101632	1183232	0.224	70.765
0	0	0	3	4	109568	1974784	0.361	132.987
0	0	0	4	4	92416	2164736	0.407	119.784
0	0	0	5	4	101376	1295872	0.226	94.562
0	0	0	6	4	100224	2168320	0.393	123.858
0	0	0	7	4	103552	2260992	0.437	128.823
0	0	0	8	4	57600	987648	0.167	95.070
0	0	0	9	4	90880	2228224	0.413	125.157
0	0	1	0	4	84736	995840	0.187	77.974
0	0	1	1	4	81024	1088000	0.182	86.792
0	0	1	2	4	98944	2013696	0.364	104.383
0	0	1	3	4	123520	2628096	0.474	130.937
0	0	1	4	4	94848	2616832	0.464	148.736
0	0	1	5	4	104704	1265664	0.218	90.011
0	0	1	6	4	120320	2691072	0.484	144.866
0	0	1	7	4	110464	2263552	0.425	112.649
0	0	1	8	4	108160	1864704	0.336	93.888
0	0	1	9	4	104960	1580544	0.284	86.357
0	0	2	0	4	78720	1429504	0.245	114.376
0	0	2	1	4	73984	1640960	0.289	123.358
0	0	2	2	4	83328	1725952	0.313	133.767
0	0	2	3	4	113792	2716672	0.479	152.546
0	0	2	4	4	95744	1087488	0.188	75.985
0	0	2	5	4	194176	2726912	0.564	116.574
0	0	2	6	4	92288	2115584	0.381	140.119
0	0	2	7	4	87680	2518528	0.446	134.111
0	0	2	8	4	91392	1592320	0.273	102.021
0	0	2	9	4	75520	629760	0.109	70.520
0	0	3	0	4	107520	2171904	0.392	101.741
0	0	3	1	4	72960	1518592	0.264	90.158
0	0	3	2	4	105856	1429504	0.254	86.314
0	0	3	3	4	72832	1304064	0.279	78.479
0	0	3	4	4	99712	1821696	0.320	94.767
0	0	3	5	4	98048	2005504	0.368	93.163
0	0	3	6	4	94848	1639424	0.286	101.237
0	0	3	7	4	147456	2749952	0.546	126.844
0	0	3	8	4	75392	1325056	0.236	81.916
0	0	3	9	4	76544	1402880	0.255	86.546
0	0	4	0	4	114048	1714176	0.319	89.011
0	0	4	1	4	92160	1497600	0.254	110.372
0	0	4	2	4	94976	1484800	0.254	88.919
0	0	4	3	4	94080	2473984	0.427	122.605
0	0	4	4	4	100736	2433024	0.429	120.638
0	0	4	5	4	76160	2038784	0.356	132.172
0	0	4	6	4	135168	2572288	0.461	129.250
0	0	4	7	4	78080	2108928	0.365	126.416
0	0	4	8	4	118016	1279488	0.302	70.340
0	0	4	9	4	109824	1226240	0.303	63.158
0	1	0	0	4	272256	3172736	0.624	132.361
0	1	0	1	4	169216	2009472	0.383	131.589
0	1	0	2	4	138240	1260032	0.233	70.765
0	1	0	3	4	189312	2647040	0.507	132.987
0	1	0	4	4	248064	2228096	0.401	135.909
0	1	0	5	4	177408	1712512	0.324	104.289
0	1	0	6	4	232448	2719744	0.524	140.776
0	1	0	7	4	173312	2670592	0.497	128.823
0	1	0	8	4	118272	982912	0.181	96.182
0	1	0	9	4	194944	2783232	0.566	125.157
0	1	1	0	4	143488	1112576	0.224	77.974
0	1	1	1	4	187008	1435520	0.301	87.886
0	1	1	2	4	160512	2343936	0.420	104.383
0	1	1	3	4	235648	3258624	0.611	130.937
0	1	1	4	4	221824	2361856	0.434	151.017
0	1	1	5	4	235776	1581568	0.294	90.020
0	1	1	6	4	229760	3122432	0.570	144.866
0	1	1	7	4	166528	2449920	0.431	112.649
0	1	1	8	4	135296	1000448	0.180	105.551
0	1	1	9	4	208000	1716608	0.314	103.137
0	1	2	0	4	142208	1896448	0.377	114.376
0	1	2	1	4	195840	1926656	0.352	153.344
0	1	2	2	4	206464	2307584	0.406	179.160
0	1	2	3	4	245376	3495424	0.666	172.820
0	1	2	4	4	100224	1091072	0.194	75.985
0	1	2	5	4	238208	3026816	0.608	116.619
0	1	2	6	4	153728	2778112	0.509	140.119
0	1	2	7	4	290304	3604480	0.724	161.429
0	1	2	8	4	131200	1802752	0.339	102.021
0	1	2	9	4	82176	639488	0.105	70.520
0	1	3	0	4	185216	2351616	0.428	101.741
0	1	3	1	4	173824	1488896	0.276	90.340
0	1	3	2	4	167808	1602432	0.288	94.039
0	1	3	3	4	167552	1613312	0.301	106.423
0	1	3	4	4	158336	1981440	0.357	94.767
0	1	3	5	4	98048	2005504	0.349	93.163
0	1	3	6	4	154752	2077056	0.415	107.157
0	1	3	7	4	191488	3150208	0.627	136.632
0	1	3	8	4	169984	1535488	0.290	105.957
0	1	3	9	4	144512	872960	0.173	86.710
0	1	4	0	4	260096	1994752	0.379	94.975
0	1	4	1	4	162432	1438720	0.282	120.821
0	1	4	2	4	94976	1484800	0.264	88.919
0	1	4	3	4	217728	2022912	0.378	139.462
0	1	4	4	4	191104	2908032	0.539	129.447
0	1	4	5	4	184704	1497088	0.276	135.804
0	1	4	6	4	213504	1994752	0.371	130.977
0	1	4	7	4	214144	2788352	0.537	156.752
0	1	4	8	4	162304	1520000	0.332	93.024
0	1	4	9	4	109824	1226240	0.265	63.158
0	2	0	0	4	188544	796160	0.159	152.558
0	2	0	1	4	181504	566272	0.120	131.844
0	2	0	2	4	229376	877568	0.214	131.413
0	2	0	3	4	138880	501248	0.089	193.208
0	2	0	4	4	181376	511488	0.105	141.317
0	2	0	5	4	143104	442368	0.120	134.816
0	2	0	6	4	169856	651264	0.120	140.776
0	2	0	7	4	243456	1225216	0.260	173.153
0	2	0	8	4	145536	359424	0.071	131.190
0	2	0	9	4	203008	902144	0.187	166.085
0	2	1	0	4	176896	462336	0.089	127.458
0	2	1	1	4	138368	566272	0.107	113.713
0	2	1	2	4	229120	1614848	0.314	145.319
0	2	1	3	4	220160	1328128	0.264	153.436
0	2	1	4	4	165760	1160704	0.232	151.017
0	2	1	5	4	163200	592384	0.126	90.020
0	2	1	6	4	246144	1654272	0.330	170.949
0	2	1	7	4	279808	1676672	0.345	142.965
0	2	1	8	4	91008	295424	0.056	105.551
0	2	1	9	4	185472	627712	0.129	119.710
0	2	2	0	4	95872	444416	0.083	150.551
0	2	2	1	4	117376	680448	0.124	153.344
0	2	2	2	4	132224	486912	0.099	179.160
0	2	2	3	4	201728	2066432	0.408	172.820
0	2	2	4	4	157440	394752	0.091	132.614
0	2	2	5	4	195072	842240	0.199	149.269
0	2	2	6	4	193664	1036288	0.191	187.195
0	2	2	7	4	229632	1771008	0.356	161.429
0	2	2	8	4	147840	652288	0.123	164.467
0	2	2	9	4	87552	340480	0.063	123.336
0	2	3	0	4	234624	1481600	0.294	105.379
0	2	3	1	4	139008	354304	0.066	90.340
0	2	3	2	4	136448	209920	0.041	114.450
0	2	3	3	4	135552	475136	0.091	106.423
0	2	3	4	4	199680	620544	0.121	134.351
0	2	3	5	4	202496	1293824	0.248	165.887
0	2	3	6	4	158208	634368	0.119	136.208
0	2	3	7	4	112128	478208	0.084	153.459
0	2	3	8	4	126336	390144	0.081	105.957
0	2	3	9	4	108032	147968	0.029	86.710
0	2	4	0	4	196992	623104	0.129	94.975
0	2	4	1	4	148608	787456	0.153	120.821
0	2	4	2	4	196480	684032	0.131	126.688
0	2	4	3	4	194432	604160	0.128	139.462
0	2	4	4	4	186624	885248	0.166	166.501
0	2	4	5	4	172544	625152	0.126	135.804
0	2	4	6	4	203648	900096	0.209	130.977
0	2	4	7	4	169472	666624	0.153	156.752
0	2	4	8	4	110464	363520	0.073	94.782
0	2	4	9	4	183424	497152	0.119	72.309
1	0	0	0	4	127616	2304512	0.415	128.758
1	0	0	1	4	83584	1923584	0.337	122.466
1	0	0	2	4	113280	836096	0.153	70.774
1	0	0	3	4	92544	1601024	0.288	132.996
1	0	0	4	4	92544	1958400	0.341	121.100
1	0	0	5	4	86144	972800	0.171	94.562
1	0	0	6	4	94720	1982976	0.399	123.858
1	0	0	7	4	109568	2074624	0.391	128.823
1	0	0	8	4	60928	879104	0.149	95.070
1	0	0	9	4	92672	2018304	0.339	125.166
1	0	1	0	4	82048	787968	0.144	77.974
1	0	1	1	4	77440	834560	0.183	86.792
1	0	1	2	4	116992	1661952	0.306	104.713
1	0	1	3	4	126080	2612736	0.487	130.937
1	0	1	4	4	106752	2511360	0.433	148.744
1	0	1	5	4	91264	896000	0.152	90.011
1	0	1	6	4	124800	2672640	0.475	144.866
1	0	1	7	4	118656	2050048	0.401	112.649
1	0	1	8	4	116224	1501184	0.324	93.888
1	0	1	9	4	102272	1289728	0.236	86.366
1	0	2	0	4	79360	1048064	0.171	114.376
1	0	2	1	4	82816	1319936	0.221	124.011
1	0	2	2	4	73216	1412096	0.239	133.775
1	0	2	3	4	94720	2485248	0.436	153.049
1	0	2	4	4	86144	731136	0.158	75.994
1	0	2	5	4	138112	2395648	0.462	116.574
1	0	2	6	4	90368	1760768	0.319	140.127
1	0	2	7	4	101632	2306560	0.404	134.614
1	0	2	8	4	99072	1225216	0.210	102.039
1	0	2	9	4	74880	437248	0.087	70.528
1	0	3	0	4	103040	1925120	0.356	104.376
1	0	3	1	4	76288	1349120	0.243	90.167
1	0	3	2	4	112896	1180160	0.205	86.314
1	0	3	3	4	78208	1132032	0.219	78.488
1	0	3	4	4	99712	1549312	0.293	94.767
1	0	3	5	4	112768	1579008	0.280	93.172
1	0	3	6	4	92672	1428992	0.252	101.255
1	0	3	7	4	124416	2324992	0.457	126.844
1	0	3	8	4	78720	1166336	0.215	81.925
1	0	3	9	4	75008	1148928	0.213	86.546
1	0	4	0	4	108416	1536000	0.312	90.468
1	0	4	1	4	64768	1243136	0.213	110.372
1	0	4	2	4	106240	1173504	0.203	88.928
1	0	4	3	4	94208	2179072	0.414	122.614
1	0	4	4	4	103168	2132992	0.405	120.718
1	0	4	5	4	68480	1684992	0.298	132.181
1	0	4	6	4	87808	2126336	0.384	129.250
1	0	4	7	4	78080	1825280	0.325	126.425
1	0	4	8	4	91136	888832	0.153	70.340
1	0	4	9	4	96768	872960	0.167	63.340
1	1	0	0	4	199808	2250112	0.435	157.696
1	1	0	1	4	83584	1923584	0.367	122.466
1	1	0	2	4	113280	836096	0.165	70.774
1	1	0	3	4	187136	1558912	0.319	180.343
1	1	0	4	4	92544	1958400	0.355	121.100
1	1	0	5	4	86144	972800	0.169	94.562
1	1	0	6	4	94720	1982976	0.344	123.858
1	1	0	7	4	109568	2074624	0.402	128.823
1	1	0	8	4	60928	879104	0.178	95.070
1	1	0	9	4	92672	2018304	0.355	125.166
1	1	1	0	4	82048	787968	0.136	77.974
1	1	1	1	4	77440	834560	0.140	86.792
1	1	1	2	4	116992	1661952	0.295	104.713
1	1	1	3	4	151040	2623488	0.457	130.937
1	1	1	4	4	134784	2524160	0.449	148.744
1	1	1	5	4	91264	896000	0.152	90.011
1	1	1	6	4	160512	2694656	0.481	144.866
1	1	1	7	4	118656	2050048	0.363	112.649
1	1	1	8	4	116224	1501184	0.272	93.888
1	1	1	9	4	102272	1289728	0.228	86.366
1	1	2	0	4	79360	1048064	0.176	114.376
1	1	2	1	4	82816	1319936	0.236	124.011
1	1	2	2	4	73216	1412096	0.238	133.775
1	1	2	3	4	178688	2537344	0.493	179.560
1	1	2	4	4	86144	731136	0.128	75.994
1	1	2	5	4	186752	1778560	0.338	136.369
1	1	2	6	4	90368	1760768	0.319	140.127
1	1	2	7	4	101632	2306560	0.400	134.614
1	1	2	8	4	99072	1225216	0.209	102.039
1	1	2	9	4	74880	437248	0.080	70.528
1	1	3	0	4	103040	1925120	0.354	104.376
1	1	3	1	4	76288	1349120	0.254	90.167
1	1	3	2	4	112896	1180160	0.240	86.314
1	1	3	3	4	78208	1132032	0.203	78.488
1	1	3	4	4	99712	1549312	0.275	94.767
1	1	3	5	4	112768	1579008	0.276	93.172
1	1	3	6	4	150656	1473536	0.254	101.255
1	1	3	7	4	167168	1872768	0.395	146.823
1	1	3	8	4	78720	1166336	0.207	81.925
1	1	3	9	4	75008	1148928	0.201	86.546
1	1	4	0	4	108416	1536000	0.305	90.468
1	1	4	1	4	103808	1190784	0.203	118.857
1	1	4	2	4	106240	1173504	0.208	88.928
1	1	4	3	4	94208	2179072	0.378	122.614
1	1	4	4	4	103168	2132992	0.372	120.718
1	1	4	5	4	68480	1684992	0.279	132.181
1	1	4	6	4	134528	1866624	0.320	136.848
1	1	4	7	4	78080	1825280	0.313	126.425
1	1	4	8	4	120576	786816	0.148	94.782
1	1	4	9	4	96768	872960	0.158	63.340
1	2	0	0	4	124544	419200	0.078	157.696
1	2	0	1	4	99968	289152	0.068	171.129
1	2	0	2	4	127488	229248	0.053	130.711
1	2	0	3	4	139648	530816	0.111	180.343
1	2	0	4	4	99200	279424	0.047	171.724
1	2	0	5	4	91648	193920	0.034	129.610
1	2	0	6	4	111360	203648	0.039	173.134
1	2	0	7	4	176640	617344	0.142	188.618
1	2	0	8	4	70272	89472	0.017	100.310
1	2	0	9	4	115328	235392	0.042	169.852
1	2	1	0	4	110464	171392	0.043	135.135
1	2	1	1	4	69376	174976	0.033	114.283
1	2	1	2	4	134656	435072	0.081	148.819
1	2	1	3	4	170112	529280	0.113	156.236
1	2	1	4	4	105088	310656	0.053	174.788
1	2	1	5	4	61312	109952	0.026	123.459
1	2	1	6	4	158208	419712	0.082	180.955
1	2	1	7	4	203392	600960	0.117	174.999
1	2	1	8	4	87040	128896	0.023	113.350
1	2	1	9	4	85632	187264	0.033	124.190
1	2	2	0	4	86528	342912	0.067	170.165
1	2	2	1	4	94592	368000	0.064	174.076
1	2	2	2	4	77440	179584	0.031	172.261
1	2	2	3	4	160000	482176	0.105	179.560
1	2	2	4	4	110720	116608	0.024	143.060
1	2	2	5	4	107648	151936	0.031	136.369
1	2	2	6	4	86144	205184	0.034	184.045
1	2	2	7	4	88192	265088	0.053	165.361
1	2	2	8	4	93440	205696	0.043	171.141
1	2	2	9	4	77440	158592	0.029	136.085
1	2	3	0	4	152192	564096	0.133	156.829
1	2	3	1	4	118400	418176	0.075	96.567
1	2	3	2	4	112128	176000	0.033	134.234
1	2	3	3	4	88448	272256	0.049	80.274
1	2	3	4	4	137344	220544	0.041	166.054
1	2	3	5	4	172416	673152	0.121	159.667
1	2	3	6	4	111488	213376	0.043	136.350
1	2	3	7	4	68864	83328	0.015	146.823
1	2	3	8	4	91392	236416	0.041	87.802
1	2	3	9	4	81920	131456	0.025	112.972
1	2	4	0	4	96768	279424	0.056	136.382
1	2	4	1	4	77568	194944	0.035	118.857
1	2	4	2	4	131328	395648	0.073	171.399
1	2	4	3	4	132352	401280	0.080	157.301
1	2	4	4	4	102656	236416	0.044	168.216
1	2	4	5	4	135040	339328	0.066	148.023
1	2	4	6	4	99840	212864	0.038	136.848
1	2	4	7	4	90368	258432	0.045	173.366
1	2	4	8	4	44544	51072	0.010	94.782
1	2	4	9	4	109184	404352	0.083	118.971
2	0	0	0	4	127744	1156096	0.226	128.767
2	0	0	1	4	111744	735232	0.129	122.493
2	0	0	2	4	123008	238080	0.046	71.586
2	0	0	3	4	138112	1050624	0.193	136.829
2	0	0	4	4	113152	824832	0.165	124.062
2	0	0	5	4	105088	355328	0.066	94.571
2	0	0	6	4	116864	948736	0.171	125.730
2	0	0	7	4	132864	646144	0.121	128.892
2	0	0	8	4	77952	323072	0.057	95.079
2	0	0	9	4	109824	733696	0.151	129.631
2	0	1	0	4	80640	217600	0.038	79.914
2	0	1	1	4	78336	365568	0.088	86.801
2	0	1	2	4	108032	1233920	0.220	136.203
2	0	1	3	4	189696	2078208	0.385	130.954
2	0	1	4	4	72576	1218048	0.238	149.739
2	0	1	5	4	83200	496640	0.084	90.020
2	0	1	6	4	202752	2399744	0.450	148.722
2	0	1	7	4	157184	1010688	0.179	112.737
2	0	1	8	4	94592	634368	0.107	93.898
2	0	1	9	4	103552	482304	0.085	87.350
2	0	2	0	4	83072	568320	0.112	115.335
2	0	2	1	4	83712	857600	0.147	124.823
2	0	2	2	4	82944	883712	0.156	135.345
2	0	2	3	4	119168	1629696	0.285	155.098
2	0	2	4	4	72320	187904	0.040	76.539
2	0	2	5	4	125824	1226240	0.224	117.275
2	0	2	6	4	101248	835072	0.151	140.552
2	0	2	7	4	139264	1366528	0.240	136.585
2	0	2	8	4	121216	629760	0.112	107.108
2	0	2	9	4	74112	337408	0.062	92.232
2	0	3	0	4	115328	701952	0.137	105.543
2	0	3	1	4	86912	599040	0.113	90.176
2	0	3	2	4	132096	659968	0.125	94.047
2	0	3	3	4	74496	506880	0.094	78.497
2	0	3	4	4	122240	547328	0.095	107.108
2	0	3	5	4	120576	342528	0.063	95.086
2	0	3	6	4	92416	695296	0.193	104.952
2	0	3	7	4	102400	1026048	0.196	127.406
2	0	3	8	4	77952	544768	0.095	82.942
2	0	3	9	4	80000	492544	0.088	86.555
2	0	4	0	4	88960	662528	0.125	92.518
2	0	4	1	4	68608	756736	0.132	110.712
2	0	4	2	4	109568	363008	0.071	92.500
2	0	4	3	4	123392	1332736	0.239	124.514
2	0	4	4	4	95616	671232	0.119	122.205
2	0	4	5	4	64000	909824	0.163	132.518
2	0	4	6	4	86016	1157120	0.248	129.259
2	0	4	7	4	103296	1114112	0.206	126.625
2	0	4	8	4	107392	472064	0.089	71.188
2	0	4	9	4	98432	260608	0.066	66.234
2	1	0	0	4	127744	1156096	0.226	128.767
2	1	0	1	4	111744	735232	0.132	122.493
2	1	0	2	4	123008	238080	0.045	71.586
2	1	0	3	4	138112	1050624	0.190	136.829
2	1	0	4	4	113152	824832	0.154	124.062
2	1	0	5	4	105088	355328	0.061	94.571
2	1	0	6	4	116864	948736	0.176	125.730
2	1	0	7	4	132864	646144	0.155	128.892
2	1	0	8	4	77952	323072	0.055	95.079
2	1	0	9	4	109824	733696	0.139	129.631
2	1	1	0	4	80640	217600	0.038	79.914
2	1	1	1	4	78336	365568	0.061	86.801
2	1	1	2	4	108032	1233920	0.227	136.203
2	1	1	3	4	189696	2078208	0.397	130.954
2	1	1	4	4	72576	1218048	0.213	149.739
2	1	1	5	4	83200	496640	0.086	90.020
2	1	1	6	4	202752	2399744	0.462	148.722
2	1	1	7	4	157184	1010688	0.200	112.737
2	1	1	8	4	94592	634368	0.119	93.898
2	1	1	9	4	103552	482304	0.096	87.350
2	1	2	0	4	83072	568320	0.105	115.335
2	1	2	1	4	83712	857600	0.145	124.823
2	1	2	2	4	82944	883712	0.158	135.345
2	1	2	3	4	119168	1629696	0.307	155.098
2	1	2	4	4	72320	187904	0.035	76.539
2	1	2	5	4	125824	1226240	0.231	117.275
2	1	2	6	4	101248	835072	0.202	140.552
2	1	2	7	4	139264	1366528	0.262	136.585
2	1	2	8	4	121216	629760	0.113	107.108
2	1	2	9	4	74112	337408	0.065	92.232
2	1	3	0	4	115328	701952	0.126	105.543
2	1	3	1	4	86912	599040	0.108	90.176
2	1	3	2	4	132096	659968	0.135	94.047
2	1	3	3	4	74496	506880	0.093	78.497
2	1	3	4	4	122240	547328	0.097	107.108
2	1	3	5	4	120576	342528	0.063	95.086
2	1	3	6	4	92416	695296	0.141	104.952
2	1	3	7	4	102400	1026048	0.191	127.406
2	1	3	8	4	77952	544768	0.119	82.942
2	1	3	9	4	80000	492544	0.092	86.555
2	1	4	0	4	88960	662528	0.122	92.518
2	1	4	1	4	68608	756736	0.148	110.712
2	1	4	2	4	109568	363008	0.066	92.500
2	1	4	3	4	123392	1332736	0.260	124.514
2	1	4	4	4	95616	671232	0.119	122.205
2	1	4	5	4	64000	909824	0.162	132.518
2	1	4	6	4	86016	1157120	0.210	129.259
2	1	4	7	4	103296	1114112	0.210	126.625
2	1	4	8	4	107392	472064	0.085	71.188
2	1	4	9	4	98432	260608	0.059	66.234
2	2	0	0	4	136448	713088	0.131	171.838
2	2	0	1	4	111744	735232	0.132	122.493
2	2	0	2	4	123008	238080	0.044	71.586
2	2	0	3	4	81792	68992	0.014	205.862
2	2	0	4	4	113152	824832	0.144	124.062
2	2	0	5	4	93056	192896	0.036	153.738
2	2	0	6	4	116864	948736	0.171	125.730
2	2	0	7	4	132864	646144	0.140	128.892
2	2	0	8	4	77952	323072	0.056	95.079
2	2	0	9	4	109824	733696	0.164	129.631
2	2	1	0	4	80640	217600	0.039	79.914
2	2	1	1	4	86272	302464	0.062	123.804
2	2	1	2	4	146560	1114496	0.239	173.785
2	2	1	3	4	248320	1988480	0.372	175.100
2	2	1	4	4	130816	1239936	0.226	184.030
2	2	1	5	4	104320	496512	0.101	124.045
2	2	1	6	4	257664	1876864	0.342	208.661
2	2	1	7	4	157184	1010688	0.190	112.737
2	2	1	8	4	112256	599936	0.108	114.521
2	2	1	9	4	103552	482304	0.091	87.350
2	2	2	0	4	99200	398720	0.067	184.156
2	2	2	1	4	114560	691072	0.134	209.048
2	2	2	2	4	82944	883712	0.151	135.345
2	2	2	3	4	122880	889728	0.155	191.746
2	2	2	4	4	72320	187904	0.040	76.539
2	2	2	5	4	89216	59264	0.019	154.287
2	2	2	6	4	101248	835072	0.143	140.552
2	2	2	7	4	139264	1366528	0.258	136.585
2	2	2	8	4	121216	629760	0.112	107.108
2	2	2	9	4	74112	337408	0.057	92.232
2	2	3	0	4	115328	701952	0.125	105.543
2	2	3	1	4	86912	599040	0.104	90.176
2	2	3	2	4	132096	659968	0.129	94.047
2	2	3	3	4	74496	506880	0.093	78.497
2	2	3	4	4	122240	547328	0.151	107.108
2	2	3	5	4	120576	342528	0.067	95.086
2	2	3	6	4	135680	489856	0.091	142.391
2	2	3	7	4	88960	153472	0.028	147.995
2	2	3	8	4	77952	544768	0.100	82.942
2	2	3	9	4	80000	492544	0.092	86.555
2	2	4	0	4	88960	662528	0.134	92.518
2	2	4	1	4	107648	670080	0.113	130.015
2	2	4	2	4	109568	363008	0.073	92.500
2	2	4	3	4	123392	1332736	0.245	124.514
2	2	4	4	4	138624	147840	0.029	173.244
2	2	4	5	4	64000	909824	0.157	132.518
2	2	4	6	4	122496	832896	0.163	141.676
2	2	4	7	4	103296	1114112	0.200	126.625
2	2	4	8	4	50816	41856	0.009	97.125
2	2	4	9	4	98432	260608	0.048	66.234
